Start_Time,End_Time,F0_Hz
0.0,0.01,0.0
0.01,0.02,0.0
0.02,0.03,0.0
0.03,0.04,0.0
0.04,0.05,0.0
0.05,0.06,0.0
0.06,0.07,0.0
0.07,0.08,0.0
0.08,0.09,0.0
0.09,0.1,0.0
0.1,0.11,0.0
0.11,0.12,0.0
0.12,0.13,0.0
0.13,0.14,0.0
0.14,0.15,0.0
0.15,0.16,0.0
0.16,0.17,0.0
0.17,0.18,0.0
0.18,0.19,74.48387315613512
0.19,0.2,83.60532082885095
0.2,0.21,84.57676786314485
0.21,0.22,88.57675191023606
0.22,0.23,88.57675191023606
0.23,0.24,88.57675191023606
0.24,0.25,88.06658735961484
0.25,0.26,95.48416039104166
0.26,0.27,100.57929410678534
0.27,0.28,108.42268703014184
0.28,0.29,113.55044290708773
0.29,0.3,116.20455869578394
0.3,0.31,117.55479062836088
0.31,0.32,117.55479062836088
0.32,0.33,116.87772485612456
0.33,0.34,116.87772485612456
0.34,0.35,116.20455869578394
0.35,0.36,110.95694720678449
0.36,0.37,109.68249796946259
0.37,0.38,0.0
0.38,0.39,0.0
0.39,0.4,0.0
0.4,0.41,0.0
0.41,0.42,0.0
0.42,0.43,0.0
0.43,0.44,0.0
0.44,0.45,135.034994616819
0.45,0.46,132.71517423385683
0.46,0.47,131.19081044374488
0.47,0.48,132.71517423385683
0.48,0.49,128.9370308439579
0.49,0.5,126.72196982870621
0.5,0.51,125.99210498948732
0.51,0.52,129.68395546510095
0.52,0.53,140.60682916223496
0.53,0.54,142.24060181972814
0.54,0.55,142.24060181972814
0.55,0.56,141.4213562373095
0.56,0.57,140.60682916223496
0.57,0.58,139.79699341790194
0.58,0.59,138.1912879967776
0.59,0.6,135.81724438273213
0.6,0.61,132.71517423385683
0.61,0.62,131.9507910772894
0.62,0.63,136.60402567543954
0.63,0.64,136.60402567543954
0.64,0.65,137.3953647458089
0.65,0.66,139.79699341790194
0.66,0.67,140.60682916223496
0.67,0.68,140.60682916223496
0.68,0.69,0.0
0.69,0.7,0.0
0.7,0.71,0.0
0.71,0.72,156.91681957935012
0.72,0.73,156.91681957935012
0.73,0.74,156.91681957935012
0.74,0.75,154.22108254079407
0.75,0.76,155.11447618337345
0.76,0.77,163.39154532410998
0.77,0.78,172.11028744886602
0.78,0.79,176.1331747192297
0.79,0.8,177.1535038204721
0.8,0.81,177.1535038204721
0.81,0.82,176.1331747192297
0.82,0.83,176.1331747192297
0.83,0.84,175.11872228117704
0.84,0.85,174.11011265922482
0.85,0.86,173.1073122012286
0.86,0.87,172.11028744886602
0.87,0.88,171.11900513652043
0.88,0.89,169.1535357262897
0.89,0.9,167.2106416577019
0.9,0.91,161.5148333600084
0.91,0.92,156.91681957935012
0.92,0.93,154.22108254079407
0.93,0.94,140.60682916223496
0.94,0.95,139.79699341790194
0.95,0.96,132.71517423385683
0.96,0.97,131.9507910772894
0.97,0.98,133.48398541700342
0.98,0.99,130.43520697655643
0.99,1.0,127.45606273192622
1.0,1.01,120.30250360821167
1.01,1.02,118.23577860271482
1.02,1.03,0.0
1.03,1.04,0.0
1.04,1.05,0.0
1.05,1.06,0.0
1.06,1.07,0.0
1.07,1.08,0.0
1.08,1.09,0.0
1.09,1.1,0.0
1.1,1.11,0.0
1.11,1.12,0.0
1.12,1.13,121.7003513670591
1.13,1.14,120.99940892192926
1.14,1.15,119.60961217374037
1.15,1.16,118.9207115002721
1.16,1.17,118.23577860271482
1.17,1.18,117.55479062836088
1.18,1.19,117.55479062836088
1.19,1.2,116.87772485612456
1.2,1.21,116.87772485612456
1.21,1.22,114.86983549970348
1.22,1.23,110.95694720678449
1.23,1.24,107.17734625362931
1.24,1.25,107.17734625362931
1.25,1.26,107.79821830428551
1.26,1.27,109.68249796946259
1.27,1.28,112.2462048309373
1.28,1.29,114.20823393107715
1.29,1.3,114.20823393107715
1.3,1.31,0.0
1.31,1.32,109.05077326652577
1.32,1.33,108.42268703014184
1.33,1.34,108.42268703014184
1.34,1.35,108.42268703014184
1.35,1.36,108.42268703014184
1.36,1.37,108.42268703014184
1.37,1.38,107.79821830428551
1.38,1.39,107.17734625362931
1.39,1.4,106.56005016284841
1.4,1.41,105.94630943592954
1.41,1.42,105.33610359548358
1.42,1.43,104.72941228206267
1.43,1.44,104.72941228206267
1.44,1.45,104.72941228206267
1.45,1.46,104.72941228206267
1.46,1.47,104.72941228206267
1.47,1.48,104.72941228206267
1.48,1.49,104.12621525348065
1.49,1.5,103.52649238413775
1.5,1.51,102.93022366434921
1.51,1.52,102.3373891996775
1.52,1.53,101.74796921026864
1.53,1.54,101.74796921026864
1.54,1.55,101.16194403019225
1.55,1.56,102.3373891996775
1.56,1.57,102.3373891996775
1.57,1.58,102.3373891996775
1.58,1.59,103.52649238413775
1.59,1.6,103.52649238413775
1.6,1.61,104.72941228206267
1.61,1.62,106.56005016284841
1.62,1.63,112.89644048061314
1.63,1.64,114.20823393107715
1.64,1.65,115.5352696872273
1.65,1.66,116.20455869578394
1.66,1.67,116.87772485612456
1.67,1.68,116.20455869578394
1.68,1.69,112.89644048061314
1.69,1.7,111.59971426302234
1.7,1.71,111.59971426302234
1.71,1.72,112.2462048309373
1.72,1.73,111.59971426302234
1.73,1.74,111.59971426302234
1.74,1.75,111.59971426302234
1.75,1.76,109.68249796946259
1.76,1.77,107.17734625362931
1.77,1.78,0.0
1.78,1.79,0.0
1.79,1.8,0.0
1.8,1.81,0.0
1.81,1.82,0.0
1.82,1.83,108.42268703014184
1.83,1.84,108.42268703014184
1.84,1.85,108.42268703014184
1.85,1.86,107.17734625362931
1.86,1.87,104.12621525348065
1.87,1.88,98.2820598545251
1.88,1.89,107.79821830428551
1.89,1.9,105.33610359548358
1.9,1.91,0.0
1.91,1.92,0.0
1.92,1.93,0.0
1.93,1.94,0.0
1.94,1.95,0.0
1.95,1.96,0.0
1.96,1.97,0.0
1.97,1.98,107.79821830428551
1.98,1.99,107.17734625362931
1.99,2.0,106.56005016284841
2.0,2.01,105.94630943592954
2.01,2.02,104.12621525348065
2.02,2.03,105.94630943592954
2.03,2.04,108.42268703014184
2.04,2.05,111.59971426302234
2.05,2.06,118.23577860271482
2.06,2.07,120.99940892192926
2.07,2.08,121.7003513670591
2.08,2.09,122.40535433046553
2.09,2.1,123.11444133449163
2.1,2.11,123.11444133449163
2.11,2.12,123.82763603774404
2.12,2.13,123.82763603774404
2.13,2.14,123.82763603774404
2.14,2.15,123.82763603774404
2.15,2.16,123.11444133449163
2.16,2.17,120.30250360821167
2.17,2.18,119.60961217374037
2.18,2.19,118.23577860271482
2.19,2.2,110.31788221637464
2.2,2.21,109.05077326652577
2.21,2.22,107.17734625362931
2.22,2.23,107.17734625362931
2.23,2.24,106.56005016284841
2.24,2.25,104.72941228206267
2.25,2.26,101.74796921026864
2.26,2.27,97.71599684342459
2.27,2.28,96.03729450510042
2.28,2.29,94.93421209505193
2.29,2.3,93.84379966711431
2.3,2.31,93.30329915368074
2.31,2.32,94.93421209505193
2.32,2.33,0.0
2.33,2.34,0.0
2.34,2.35,0.0
2.35,2.36,0.0
2.36,2.37,0.0
2.37,2.38,0.0
2.38,2.39,0.0
2.39,2.4,0.0
2.4,2.41,0.0
2.41,2.42,0.0
2.42,2.43,0.0
2.43,2.44,0.0
2.44,2.45,0.0
2.45,2.46,0.0
2.46,2.47,0.0
2.47,2.48,0.0
2.48,2.49,0.0
2.49,2.5,0.0
2.5,2.51,0.0
2.51,2.52,0.0
2.52,2.53,127.45606273192622
2.53,2.54,127.45606273192622
2.54,2.55,127.45606273192622
2.55,2.56,128.9370308439579
2.56,2.57,128.9370308439579
2.57,2.58,128.1944081920729
2.58,2.59,127.45606273192622
2.59,2.6,127.45606273192622
2.6,2.61,0.0
2.61,2.62,0.0
2.62,2.63,0.0
2.63,2.64,0.0
2.64,2.65,0.0
2.65,2.66,0.0
2.66,2.67,0.0
2.67,2.68,0.0
2.68,2.69,0.0
2.69,2.7,0.0
2.7,2.71,0.0
2.71,2.72,0.0
2.72,2.73,0.0
2.73,2.74,0.0
2.74,2.75,104.12621525348065
2.75,2.76,104.72941228206267
2.76,2.77,104.12621525348065
2.77,2.78,100.0
2.78,2.79,100.0
2.79,2.8,99.42404238175475
2.8,2.81,98.85140203528961
2.81,2.82,97.71599684342459
2.82,2.83,95.48416039104166
2.83,2.84,97.15319411536059
2.84,2.85,97.15319411536059
2.85,2.86,96.59363289248455
2.86,2.87,96.03729450510042
2.87,2.88,94.93421209505193
2.88,2.89,93.84379966711431
2.89,2.9,92.76591169413095
2.9,2.91,92.76591169413095
2.91,2.92,93.30329915368074
2.92,2.93,92.76591169413095
2.93,2.94,94.38743126816934
2.94,2.95,96.03729450510042
2.95,2.96,0.0
2.96,2.97,0.0
2.97,2.98,0.0
2.98,2.99,0.0
2.99,3.0,0.0
3.0,3.01,0.0
3.01,3.02,0.0
3.02,3.03,0.0
3.03,3.04,0.0
3.04,3.05,0.0
3.05,3.06,0.0
3.06,3.07,0.0
3.07,3.08,93.84379966711431
3.08,3.09,93.30329915368074
3.09,3.1,92.76591169413095
3.1,3.11,93.30329915368074
3.11,3.12,92.23161935859392
3.12,3.13,91.17224885582168
3.13,3.14,90.12504626108301
3.14,3.15,92.23161935859392
3.15,3.16,92.76591169413095
3.16,3.17,93.30329915368074
3.17,3.18,92.23161935859392
3.18,3.19,91.70040432046711
3.19,3.2,91.17224885582168
3.2,3.21,91.17224885582168
3.21,3.22,91.17224885582168
3.22,3.23,0.0
3.23,3.24,0.0
3.24,3.25,102.93022366434921
3.25,3.26,102.3373891996775
3.26,3.27,101.74796921026864
3.27,3.28,101.16194403019225
3.28,3.29,100.0
3.29,3.3,98.2820598545251
3.3,3.31,97.15319411536059
3.31,3.32,96.59363289248455
3.32,3.33,96.59363289248455
3.33,3.34,98.85140203528961
3.34,3.35,98.2820598545251
3.35,3.36,96.59363289248455
3.36,3.37,99.42404238175475
3.37,3.38,98.85140203528961
3.38,3.39,94.93421209505193
3.39,3.4,94.93421209505193
3.4,3.41,0.0
3.41,3.42,0.0
3.42,3.43,0.0
3.43,3.44,0.0
3.44,3.45,0.0
3.45,3.46,0.0
3.46,3.47,0.0
3.47,3.48,0.0
3.48,3.49,118.9207115002721
3.49,3.5,117.55479062836088
3.5,3.51,107.17734625362931
3.51,3.52,105.94630943592954
3.52,3.53,104.72941228206267
3.53,3.54,105.33610359548358
3.54,3.55,102.93022366434921
3.55,3.56,101.74796921026864
3.56,3.57,102.3373891996775
3.57,3.58,101.74796921026864
3.58,3.59,101.74796921026864
3.59,3.6,101.16194403019225
3.6,3.61,100.57929410678534
3.61,3.62,99.42404238175475
3.62,3.63,98.85140203528961
3.63,3.64,97.71599684342459
3.64,3.65,96.59363289248455
3.65,3.66,96.03729450510042
3.66,3.67,95.48416039104166
3.67,3.68,94.93421209505193
3.68,3.69,94.93421209505193
3.69,3.7,96.03729450510042
3.7,3.71,97.71599684342459
3.71,3.72,98.2820598545251
3.72,3.73,98.2820598545251
3.73,3.74,98.85140203528961
3.74,3.75,98.85140203528961
3.75,3.76,98.85140203528961
3.76,3.77,98.85140203528961
3.77,3.78,97.71599684342459
3.78,3.79,97.15319411536059
3.79,3.8,96.03729450510042
3.8,3.81,94.93421209505193
3.81,3.82,94.38743126816934
3.82,3.83,93.30329915368074
3.83,3.84,92.76591169413095
3.84,3.85,92.76591169413095
3.85,3.86,92.23161935859392
3.86,3.87,92.76591169413095
3.87,3.88,92.76591169413095
3.88,3.89,92.76591169413095
3.89,3.9,93.30329915368074
3.9,3.91,92.76591169413095
3.91,3.92,93.30329915368074
3.92,3.93,93.30329915368074
3.93,3.94,93.30329915368074
3.94,3.95,98.85140203528961
3.95,3.96,0.0
3.96,3.97,0.0
3.97,3.98,0.0
3.98,3.99,0.0
3.99,4.0,0.0
4.0,4.01,0.0
4.01,4.02,0.0
4.02,4.03,0.0
4.03,4.04,0.0
4.04,4.05,0.0
4.05,4.06,0.0
4.06,4.07,0.0
4.07,4.08,0.0
4.08,4.09,0.0
4.09,4.1,0.0
4.1,4.11,0.0
4.11,4.12,0.0
4.12,4.13,0.0
4.13,4.14,0.0
4.14,4.15,0.0
4.15,4.16,0.0
4.16,4.17,0.0
4.17,4.18,0.0
4.18,4.19,0.0
4.19,4.2,0.0
4.2,4.21,0.0
4.21,4.22,0.0
4.22,4.23,0.0
4.23,4.24,0.0
4.24,4.25,0.0
4.25,4.26,124.5449622358823
4.26,4.27,123.82763603774404
4.27,4.28,123.82763603774404
4.28,4.29,123.82763603774404
4.29,4.3,123.82763603774404
4.3,4.31,123.82763603774404
4.31,4.32,123.82763603774404
4.32,4.33,123.82763603774404
4.33,4.34,123.82763603774404
4.34,4.35,122.40535433046553
4.35,4.36,123.11444133449163
4.36,4.37,120.30250360821167
4.37,4.38,116.87772485612456
4.38,4.39,116.20455869578394
4.39,4.4,113.55044290708773
4.4,4.41,110.31788221637464
4.41,4.42,109.05077326652577
4.42,4.43,108.42268703014184
4.43,4.44,107.17734625362931
4.44,4.45,105.33610359548358
4.45,4.46,102.93022366434921
4.46,4.47,102.93022366434921
4.47,4.48,102.3373891996775
4.48,4.49,102.93022366434921
4.49,4.5,101.74796921026864
4.5,4.51,101.16194403019225
4.51,4.52,100.57929410678534
4.52,4.53,100.0
4.53,4.54,99.42404238175475
4.54,4.55,98.85140203528961
4.55,4.56,98.2820598545251
4.56,4.57,97.71599684342459
4.57,4.58,97.15319411536059
4.58,4.59,97.15319411536059
4.59,4.6,97.71599684342459
4.6,4.61,99.42404238175475
4.61,4.62,101.16194403019225
4.62,4.63,101.16194403019225
4.63,4.64,101.74796921026864
4.64,4.65,101.74796921026864
4.65,4.66,101.74796921026864
4.66,4.67,101.74796921026864
4.67,4.68,100.57929410678534
4.68,4.69,100.0
4.69,4.7,0.0
4.7,4.71,0.0
4.71,4.72,0.0
4.72,4.73,0.0
4.73,4.74,116.20455869578394
4.74,4.75,116.87772485612456
4.75,4.76,117.55479062836088
4.76,4.77,118.23577860271482
4.77,4.78,118.9207115002721
4.78,4.79,119.60961217374037
4.79,4.8,128.9370308439579
4.8,4.81,117.55479062836088
4.81,4.82,117.55479062836088
4.82,4.83,0.0
4.83,4.84,0.0
4.84,4.85,0.0
4.85,4.86,0.0
4.86,4.87,0.0
4.87,4.88,0.0
4.88,4.89,0.0
4.89,4.9,0.0
4.9,4.91,0.0
4.91,4.92,0.0
4.92,4.93,0.0
4.93,4.94,0.0
4.94,4.95,0.0
4.95,4.96,0.0
4.96,4.97,0.0
4.97,4.98,0.0
4.98,4.99,0.0
4.99,5.0,0.0
5.0,5.01,97.71599684342459
5.01,5.02,94.93421209505193
5.02,5.03,93.84379966711431
5.03,5.04,92.23161935859392
5.04,5.05,92.23161935859392
5.05,5.06,91.70040432046711
5.06,5.07,91.70040432046711
5.07,5.08,91.70040432046711
5.08,5.09,91.70040432046711
5.09,5.1,91.70040432046711
5.1,5.11,92.23161935859392
5.11,5.12,92.76591169413095
5.12,5.13,92.76591169413095
5.13,5.14,92.76591169413095
5.14,5.15,92.76591169413095
5.15,5.16,92.23161935859392
5.16,5.17,92.76591169413095
5.17,5.18,92.23161935859392
5.18,5.19,92.23161935859392
5.19,5.2,92.23161935859392
5.2,5.21,92.23161935859392
5.21,5.22,91.70040432046711
5.22,5.23,0.0
5.23,5.24,0.0
5.24,5.25,0.0
5.25,5.26,92.23161935859392
5.26,5.27,92.23161935859392
5.27,5.28,92.23161935859392
5.28,5.29,92.23161935859392
5.29,5.3,91.70040432046711
5.3,5.31,92.23161935859392
5.31,5.32,92.23161935859392
5.32,5.33,92.23161935859392
5.33,5.34,92.23161935859392
5.34,5.35,92.23161935859392
5.35,5.36,92.23161935859392
5.36,5.37,93.30329915368074
5.37,5.38,92.76591169413095
5.38,5.39,0.0
5.39,5.4,0.0
5.4,5.41,0.0
5.41,5.42,0.0
5.42,5.43,0.0
5.43,5.44,0.0
5.44,5.45,0.0
