Start_Time,End_Time,F0_Hz
0.0,0.02,0.0
0.01,0.03,0.0
0.02,0.04,0.0
0.03,0.05,0.0
0.04,0.06,0.0
0.05,0.07,0.0
0.06,0.08,0.0
0.07,0.09,0.0
0.08,0.1,0.0
0.09,0.11,0.0
0.1,0.12,0.0
0.11,0.13,0.0
0.12,0.14,0.0
0.13,0.15,0.0
0.14,0.16,0.0
0.15,0.17,0.0
0.16,0.18,217.13574584316447
0.17,0.19,215.8883421696971
0.18,0.2,212.60937845920702
0.19,0.21,207.87428886935763
0.2,0.22,203.24344676646515
0.21,0.23,200.05697558200495
0.22,0.24,199.89037221627947
0.23,0.25,200.0526997061738
0.24,0.26,199.89909330759423
0.25,0.27,199.52161605224248
0.26,0.28,198.93047829060643
0.27,0.29,196.9933718284309
0.28,0.3,195.97837106862016
0.29,0.31,0.0
0.3,0.32,0.0
0.31,0.33,0.0
0.32,0.34,0.0
0.33,0.35,0.0
0.34,0.36,0.0
0.35,0.37,0.0
0.36,0.38,0.0
0.37,0.39,0.0
0.38,0.4,0.0
0.39,0.41,0.0
0.4,0.42,0.0
0.41,0.43,197.2158260124679
0.42,0.44,195.65032586377816
0.43,0.45,193.13517324039142
0.44,0.46,191.4653256796419
0.45,0.47,189.5786457102462
0.46,0.48,187.1151988094182
0.47,0.49,184.02200123604686
0.48,0.5,182.2681773745771
0.49,0.51,182.41241593392385
0.5,0.52,184.2184820991034
0.51,0.53,185.98488398959978
0.52,0.54,186.74029940103077
0.53,0.55,186.84793084433304
0.54,0.56,186.59806590436565
0.55,0.57,186.38109937419506
0.56,0.58,186.53233291414628
0.57,0.59,186.9426072066593
0.58,0.6,187.2650473776066
0.59,0.61,187.37467403631126
0.6,0.62,187.52088765856317
0.61,0.63,188.1871039616535
0.62,0.64,189.26786037484223
0.63,0.65,190.51604002063078
0.64,0.66,191.525960201127
0.65,0.67,192.3987366637051
0.66,0.68,193.47520056457282
0.67,0.69,194.8746252204551
0.68,0.7,196.5193351813003
0.69,0.71,198.35927345914743
0.7,0.72,200.22989447937996
0.71,0.73,202.47132196017048
0.72,0.74,206.09371772736452
0.73,0.75,209.76802526202525
0.74,0.76,212.9042068166377
0.75,0.77,214.37906021457457
0.76,0.78,215.900710733473
0.77,0.79,218.03406880427002
0.78,0.8,220.64859385616114
0.79,0.81,223.5504673603431
0.8,0.82,226.82147484683483
0.81,0.83,230.36570984196211
0.82,0.84,234.35880119237362
0.83,0.85,239.1936232335552
0.84,0.86,244.76867370598305
0.85,0.87,249.36585034016449
0.86,0.88,251.65648339412328
0.87,0.89,243.741456817195
0.88,0.9,239.66727933553744
0.89,0.91,0.0
0.9,0.92,0.0
0.91,0.93,0.0
0.92,0.94,0.0
0.93,0.95,0.0
0.94,0.96,0.0
0.95,0.97,0.0
0.96,0.98,0.0
0.97,0.99,0.0
0.98,1.0,0.0
0.99,1.01,0.0
1.0,1.02,0.0
1.01,1.03,0.0
1.02,1.04,0.0
1.03,1.05,0.0
1.04,1.06,0.0
1.05,1.07,0.0
1.06,1.08,0.0
1.07,1.09,0.0
1.08,1.1,0.0
1.09,1.11,251.3397781665358
1.1,1.12,250.4840969890607
1.11,1.13,248.35468964400178
1.12,1.14,245.99083188482166
1.13,1.15,242.7882478240836
1.14,1.16,239.9671613829147
1.15,1.17,238.5167930992577
1.16,1.18,239.72574671486467
1.17,1.19,242.53042078563595
1.18,1.2,245.42381850377538
1.19,1.21,246.8683678732712
1.2,1.22,246.8763098677419
1.21,1.23,246.16184752196378
1.22,1.24,245.5286441398399
1.23,1.25,245.50440802302128
1.24,1.26,246.06970987340696
1.25,1.27,246.88142334185346
1.26,1.28,247.35678562933614
1.27,1.29,246.77254011283964
1.28,1.3,244.7082754272092
1.29,1.31,241.72843210920135
1.3,1.32,238.76609183398406
1.31,1.33,237.13798983252752
1.32,1.34,240.75015032651132
1.33,1.35,244.4234720781641
1.34,1.36,247.20482076162844
1.35,1.37,246.0472094500102
1.36,1.38,0.0
1.37,1.39,0.0
1.38,1.4,0.0
1.39,1.41,0.0
1.4,1.42,0.0
1.41,1.43,0.0
1.42,1.44,0.0
1.43,1.45,0.0
1.44,1.46,0.0
1.45,1.47,0.0
1.46,1.48,0.0
1.47,1.49,0.0
1.48,1.5,0.0
1.49,1.51,0.0
1.5,1.52,0.0
1.51,1.53,0.0
1.52,1.54,0.0
1.53,1.55,0.0
1.54,1.56,0.0
1.55,1.57,0.0
1.56,1.58,0.0
1.57,1.59,0.0
1.58,1.6,0.0
1.59,1.61,0.0
1.6,1.62,0.0
1.61,1.63,204.42598609417848
1.62,1.64,204.3144866840314
1.63,1.65,203.76472567239244
1.64,1.66,202.79860428763436
1.65,1.67,201.8950659273693
1.66,1.68,201.43169139204028
1.67,1.69,201.42796312201355
1.68,1.7,201.65586939444162
1.69,1.71,201.97836217093612
1.7,1.72,202.3277615216065
1.71,1.73,202.68830512515598
1.72,1.74,203.056202478266
1.73,1.75,203.2335497898544
1.74,1.76,203.19647399968386
1.75,1.77,202.91562538532486
1.76,1.78,202.76964997523274
1.77,1.79,0.0
1.78,1.8,0.0
1.79,1.81,0.0
1.8,1.82,0.0
1.81,1.83,0.0
1.82,1.84,0.0
1.83,1.85,0.0
1.84,1.86,0.0
1.85,1.87,0.0
1.86,1.88,0.0
1.87,1.89,0.0
1.88,1.9,0.0
1.89,1.91,0.0
1.9,1.92,0.0
1.91,1.93,0.0
1.92,1.94,0.0
1.93,1.95,0.0
1.94,1.96,100.87546803361084
1.95,1.97,100.47581188871176
1.96,1.98,99.68581217359508
1.97,1.99,98.83981464206407
1.98,2.0,118.8568228068413
1.99,2.01,147.44261290935006
2.0,2.02,183.73348228062784
2.01,2.03,189.52272016584195
2.02,2.04,190.2486513794462
2.03,2.05,190.83669605953503
2.04,2.06,191.28842655311027
2.05,2.07,191.06305929998973
2.06,2.08,189.79205771812778
2.07,2.09,189.36075871261107
2.08,2.1,189.5216761564957
2.09,2.11,190.38448016414804
2.1,2.12,190.45291352008292
2.11,2.13,189.89709638245438
2.12,2.14,189.78582666482137
2.13,2.15,190.7744301436687
2.14,2.16,192.55756849090778
2.15,2.17,193.81710772739248
2.16,2.18,193.51276247401083
2.17,2.19,192.64439821383874
2.18,2.2,191.7586338529819
2.19,2.21,191.01709174434635
2.2,2.22,190.33808870374344
2.21,2.23,189.74606147281682
2.22,2.24,189.3279241409572
2.23,2.25,189.1735069985533
2.24,2.26,189.25414014705066
2.25,2.27,189.49432516074532
2.26,2.28,189.81351250667257
2.27,2.29,190.21394441749987
2.28,2.3,190.62391553239763
2.29,2.31,190.8851858892125
2.3,2.32,190.80036830243594
2.31,2.33,190.38649379274176
2.32,2.34,189.84831373355993
2.33,2.35,189.29167504633133
2.34,2.36,188.66943377107373
2.35,2.37,187.98021853652256
2.36,2.38,187.34069777088413
2.37,2.39,186.88750047126877
2.38,2.4,186.6913404202668
2.39,2.41,186.71166301013469
2.4,2.42,186.86349417239694
2.41,2.43,187.02006415701499
2.42,2.44,187.13342335786436
2.43,2.45,187.16303172482594
2.44,2.46,187.0639157155506
2.45,2.47,186.77848808771913
2.46,2.48,186.30119769796758
2.47,2.49,185.73257170538218
2.48,2.5,185.18314467486576
2.49,2.51,184.72954944463618
2.5,2.52,184.4001790165159
2.51,2.53,184.2779585733388
2.52,2.54,184.50833183311647
2.53,2.55,185.20836343860154
2.54,2.56,186.0694878918894
2.55,2.57,186.769722106
2.56,2.58,187.48172096393347
2.57,2.59,187.97992859250766
2.58,2.6,186.91221000257897
2.59,2.61,185.73257170538218
2.6,2.62,185.04026242294722
2.61,2.63,175.05479145773103
2.62,2.64,165.24958252705915
2.63,2.65,166.85920851452568
2.64,2.66,180.38819818332593
2.65,2.67,194.42749200200885
2.66,2.68,195.24115974212228
2.67,2.69,194.7192881820589
2.68,2.7,195.5680017905148
2.69,2.71,196.78924953842554
2.7,2.72,197.8386575085041
2.71,2.73,197.99700655182528
2.72,2.74,196.45781244148677
2.73,2.75,195.1303703240274
2.74,2.76,194.70186931622897
2.75,2.77,195.8318197321428
2.76,2.78,196.89772687817984
2.77,2.79,197.6236000808078
2.78,2.8,198.0821426104198
2.79,2.81,0.0
2.8,2.82,0.0
2.81,2.83,0.0
2.82,2.84,0.0
2.83,2.85,196.9794822017181
2.84,2.86,196.24403983226068
2.85,2.87,195.0808450916661
2.86,2.88,193.76125536303144
2.87,2.89,192.74791506110196
2.88,2.9,191.877655680908
2.89,2.91,191.25875556818542
2.9,2.92,190.99318625267978
2.91,2.93,191.07922634391724
2.92,2.94,191.188516060428
2.93,2.95,0.0
2.94,2.96,0.0
2.95,2.97,0.0
2.96,2.98,0.0
2.97,2.99,0.0
2.98,3.0,0.0
2.99,3.01,0.0
3.0,3.02,0.0
3.01,3.03,0.0
3.02,3.04,0.0
3.03,3.05,0.0
3.04,3.06,0.0
3.05,3.07,0.0
3.06,3.08,0.0
3.07,3.09,0.0
3.08,3.1,0.0
3.09,3.11,0.0
3.1,3.12,0.0
3.11,3.13,0.0
3.12,3.14,222.41137373679135
3.13,3.15,222.2892319452198
3.14,3.16,222.5230405201989
3.15,3.17,224.92459743447162
3.16,3.18,228.2416605119712
3.17,3.19,231.75941473334183
3.18,3.2,234.9972156179746
3.19,3.21,238.1147102160639
3.2,3.22,241.41475232183316
3.21,3.23,244.75961301391322
3.22,3.24,248.06837544452497
3.23,3.25,251.04576319472628
3.24,3.26,253.74681762302166
3.25,3.27,256.1020140911695
3.26,3.28,258.34770960164326
3.27,3.29,260.50642336720233
3.28,3.3,262.4826358125604
3.29,3.31,264.01607346703884
3.3,3.32,264.8993025006139
3.31,3.33,264.4689447788035
3.32,3.34,263.3299226214898
3.33,3.35,261.80802726477566
3.34,3.36,260.4927621845259
3.35,3.37,258.70704702543475
3.36,3.38,256.20790041870896
3.37,3.39,256.17905390981133
3.38,3.4,257.1500436982378
3.39,3.41,258.62423209418023
3.4,3.42,258.4246277642076
3.41,3.43,259.0492458253377
3.42,3.44,260.6639805244262
3.43,3.45,262.25422173340013
3.44,3.46,263.30712034270994
3.45,3.47,263.7323331770115
3.46,3.48,0.0
3.47,3.49,0.0
3.48,3.5,0.0
3.49,3.51,0.0
3.5,3.52,0.0
3.51,3.53,0.0
3.52,3.54,0.0
3.53,3.55,0.0
3.54,3.56,0.0
3.55,3.57,0.0
3.56,3.58,0.0
3.57,3.59,0.0
3.58,3.6,0.0
3.59,3.61,0.0
3.6,3.62,0.0
3.61,3.66,0.0
