Start_Time,End_Time,F0_Hz
0.0,0.01,0.0
0.01,0.02,0.0
0.02,0.03,0.0
0.03,0.04,0.0
0.04,0.05,253.44393965741244
0.05,0.06,250.53288772482563
0.06,0.07,251.98420997897463
0.07,0.08,251.98420997897463
0.08,0.09,250.53288772482563
0.09,0.1,249.08992447176465
0.1,0.11,249.08992447176465
0.11,0.12,239.21922434748075
0.12,0.13,236.47155720542963
0.13,0.14,221.91389441356898
0.14,0.15,209.4588245641254
0.15,0.16,0.0
0.16,0.17,0.0
0.17,0.18,0.0
0.18,0.19,0.0
0.19,0.2,172.11028744886602
0.2,0.21,170.13343219017113
0.21,0.22,165.29006363084235
0.22,0.23,160.5845763726753
0.23,0.24,154.22108254079407
0.24,0.25,148.1097552286564
0.25,0.26,143.893358001082
0.26,0.27,140.60682916223496
0.27,0.28,138.1912879967776
0.28,0.29,136.60402567543954
0.29,0.3,135.81724438273213
0.3,0.31,133.48398541700342
0.31,0.32,134.25725027802636
0.32,0.33,133.48398541700342
0.33,0.34,0.0
0.34,0.35,0.0
0.35,0.36,0.0
0.36,0.37,0.0
0.37,0.38,132.71517423385683
0.38,0.39,131.19081044374488
0.39,0.4,131.19081044374488
0.4,0.41,130.43520697655643
0.41,0.42,128.9370308439579
0.42,0.43,128.9370308439579
0.43,0.44,133.48398541700342
0.44,0.45,0.0
0.45,0.46,0.0
0.46,0.47,0.0
0.47,0.48,0.0
0.48,0.49,0.0
0.49,0.5,0.0
0.5,0.51,0.0
0.51,0.52,0.0
0.52,0.53,0.0
0.53,0.54,0.0
0.54,0.55,0.0
0.55,0.56,0.0
0.56,0.57,0.0
0.57,0.58,0.0
0.58,0.59,0.0
0.59,0.6,0.0
0.6,0.61,0.0
0.61,0.62,0.0
0.62,0.63,0.0
0.63,0.64,0.0
0.64,0.65,0.0
0.65,0.66,0.0
0.66,0.67,0.0
0.67,0.68,0.0
0.68,0.69,0.0
0.69,0.7,0.0
0.7,0.71,0.0
0.71,0.72,0.0
0.72,0.73,0.0
0.73,0.74,0.0
0.74,0.75,0.0
0.75,0.76,0.0
0.76,0.77,0.0
0.77,0.78,0.0
0.78,0.79,0.0
0.79,0.8,0.0
0.8,0.81,0.0
0.81,0.82,0.0
0.82,0.83,0.0
0.83,0.84,0.0
0.84,0.85,0.0
0.85,0.86,0.0
0.86,0.87,0.0
0.87,0.88,0.0
0.88,0.89,0.0
0.89,0.9,0.0
0.9,0.91,0.0
0.91,0.92,0.0
0.92,0.93,0.0
0.93,0.94,0.0
0.94,0.95,0.0
0.95,0.96,0.0
0.96,0.97,0.0
0.97,0.98,0.0
0.98,0.99,0.0
0.99,1.0,0.0
1.0,1.01,0.0
1.01,1.02,0.0
1.02,1.03,0.0
1.03,1.04,0.0
1.04,1.05,0.0
1.05,1.06,0.0
1.06,1.07,0.0
1.07,1.08,201.15858821357068
1.08,1.09,196.56411970905023
1.09,1.1,194.30638823072118
1.1,1.11,190.9683207820833
1.11,1.12,189.86842419010387
1.12,1.13,189.86842419010387
1.13,1.14,189.86842419010387
1.14,1.15,185.5318233882619
1.15,1.16,184.46323871718783
1.16,1.17,184.46323871718783
1.17,1.18,187.68759933422865
1.18,1.19,185.5318233882619
1.19,1.2,185.5318233882619
1.2,1.21,185.5318233882619
1.21,1.22,185.5318233882619
1.22,1.23,186.60659830736148
1.23,1.24,186.60659830736148
1.24,1.25,187.68759933422865
1.25,1.26,188.7748625363387
1.26,1.27,186.60659830736148
1.27,1.28,187.68759933422865
1.28,1.29,198.8480847635095
1.29,1.3,197.70280407057922
1.3,1.31,197.70280407057922
1.31,1.32,193.1872657849691
1.32,1.33,192.07458901020084
1.33,1.34,192.07458901020084
1.34,1.35,192.07458901020084
1.35,1.36,192.07458901020084
1.36,1.37,193.1872657849691
1.37,1.38,193.1872657849691
1.38,1.39,193.1872657849691
1.39,1.4,194.30638823072118
1.4,1.41,194.30638823072118
1.41,1.42,197.70280407057922
1.42,1.43,200.0
1.43,1.44,201.15858821357068
1.44,1.45,200.0
1.45,1.46,200.0
1.46,1.47,198.8480847635095
1.47,1.48,198.8480847635095
1.48,1.49,197.70280407057922
1.49,1.5,197.70280407057922
1.5,1.51,196.56411970905023
1.51,1.52,195.43199368684918
1.52,1.53,195.43199368684918
1.53,1.54,195.43199368684918
1.54,1.55,205.86044732869837
1.55,1.56,211.89261887185907
1.56,1.57,215.59643660857103
1.57,1.58,219.36499593892518
1.58,1.59,220.63576443274928
1.59,1.6,221.91389441356898
1.6,1.61,225.79288096122622
1.61,1.62,229.73967099940702
1.62,1.63,240.60500721642333
1.63,1.64,241.99881784385852
1.64,1.65,244.81070866093103
1.65,1.66,247.65527207548806
1.66,1.67,253.44393965741244
1.67,1.68,254.91212546385245
1.68,1.69,254.91212546385245
1.69,1.7,256.3888163841458
1.7,1.71,256.3888163841458
1.71,1.72,256.3888163841458
1.72,1.73,256.3888163841458
1.73,1.74,256.3888163841458
1.74,1.75,256.3888163841458
1.75,1.76,256.3888163841458
1.76,1.77,256.3888163841458
1.77,1.78,256.3888163841458
1.78,1.79,253.44393965741244
1.79,1.8,231.07053937445463
1.8,1.81,221.91389441356898
1.81,1.82,220.63576443274928
1.82,1.83,228.41646786215435
1.83,1.84,236.47155720542963
1.84,1.85,236.47155720542963
1.85,1.86,236.47155720542963
1.86,1.87,233.75544971224912
1.87,1.88,231.07053937445463
1.88,1.89,220.63576443274928
1.89,1.9,205.86044732869837
1.9,1.91,196.56411970905023
1.91,1.92,200.0
1.92,1.93,0.0
1.93,1.94,239.21922434748075
1.94,1.95,241.99881784385852
1.95,1.96,228.41646786215435
1.96,1.97,216.8453740602837
1.97,1.98,209.4588245641254
1.98,1.99,207.05298476827548
1.99,2.0,205.86044732869837
2.0,2.01,203.49593842053727
2.01,2.02,202.3238880603845
2.02,2.03,201.15858821357068
2.03,2.04,197.70280407057922
2.04,2.05,195.43199368684918
2.05,2.06,190.9683207820833
2.06,2.07,185.5318233882619
2.07,2.08,186.60659830736148
2.08,2.09,184.46323871718783
2.09,2.1,182.34449771164336
2.1,2.11,180.25009252216606
2.11,2.12,178.17974362806785
2.12,2.13,178.17974362806785
2.13,2.14,179.21192838239048
2.14,2.15,176.1331747192297
2.15,2.16,175.11872228117704
2.16,2.17,174.11011265922482
2.17,2.18,173.1073122012286
2.18,2.19,172.11028744886602
2.19,2.2,171.11900513652043
2.2,2.21,171.11900513652043
2.21,2.22,170.13343219017113
2.22,2.23,168.1792830507429
2.23,2.24,167.2106416577019
2.24,2.25,173.1073122012286
2.25,2.26,173.1073122012286
2.26,2.27,174.11011265922482
2.27,2.28,175.11872228117704
2.28,2.29,175.11872228117704
2.29,2.3,176.1331747192297
2.3,2.31,175.11872228117704
2.31,2.32,174.11011265922482
2.32,2.33,171.11900513652043
2.33,2.34,167.2106416577019
2.34,2.35,165.29006363084235
2.35,2.36,163.39154532410998
2.36,2.37,166.24757922855756
2.37,2.38,173.1073122012286
2.38,2.39,180.25009252216606
2.39,2.4,185.5318233882619
2.4,2.41,187.68759933422865
2.41,2.42,188.7748625363387
2.42,2.43,187.68759933422865
2.43,2.44,189.86842419010387
2.44,2.45,184.46323871718783
2.45,2.46,184.46323871718783
2.46,2.47,184.46323871718783
2.47,2.48,184.46323871718783
2.48,2.49,184.46323871718783
2.49,2.5,184.46323871718783
2.5,2.51,184.46323871718783
2.51,2.52,184.46323871718783
2.52,2.53,184.46323871718783
2.53,2.54,183.40080864093423
2.54,2.55,183.40080864093423
2.55,2.56,183.40080864093423
2.56,2.57,183.40080864093423
2.57,2.58,182.34449771164336
2.58,2.59,182.34449771164336
2.59,2.6,181.29427068562208
2.6,2.61,180.25009252216606
2.61,2.62,181.29427068562208
2.62,2.63,180.25009252216606
2.63,2.64,179.21192838239048
2.64,2.65,178.17974362806785
2.65,2.66,176.1331747192297
2.66,2.67,175.11872228117704
2.67,2.68,172.11028744886602
2.68,2.69,170.13343219017113
2.69,2.7,167.2106416577019
2.7,2.71,158.74010519681997
2.71,2.72,0.0
2.72,2.73,0.0
2.73,2.74,0.0
2.74,2.75,0.0
2.75,2.76,0.0
2.76,2.77,0.0
2.77,2.78,0.0
2.78,2.79,0.0
2.79,2.8,169.1535357262897
2.8,2.81,168.1792830507429
2.81,2.82,166.24757922855756
2.82,2.83,164.33806291715806
2.83,2.84,161.5148333600084
2.84,2.85,159.65967727133
2.85,2.86,156.0130452026747
2.86,2.87,153.33283446696007
2.87,2.88,161.5148333600084
2.88,2.89,161.5148333600084
2.89,2.9,161.5148333600084
2.9,2.91,160.5845763726753
2.91,2.92,159.65967727133
2.92,2.93,0.0
2.93,2.94,0.0
2.94,2.95,0.0
2.95,2.96,179.21192838239048
2.96,2.97,180.25009252216606
2.97,2.98,179.21192838239048
2.98,2.99,179.21192838239048
2.99,3.0,178.17974362806785
3.0,3.01,176.1331747192297
3.01,3.02,174.11011265922482
3.02,3.03,173.1073122012286
3.03,3.04,172.11028744886602
3.04,3.05,171.11900513652043
3.05,3.06,170.13343219017113
3.06,3.07,168.1792830507429
3.07,3.08,166.24757922855756
3.08,3.09,166.24757922855756
3.09,3.1,167.2106416577019
3.1,3.11,167.2106416577019
3.11,3.12,167.2106416577019
3.12,3.13,168.1792830507429
3.13,3.14,169.1535357262897
3.14,3.15,169.1535357262897
3.15,3.16,171.11900513652043
3.16,3.17,172.11028744886602
3.17,3.18,175.11872228117704
3.18,3.19,177.1535038204721
3.19,3.2,0.0
3.2,3.21,0.0
3.21,3.22,0.0
3.22,3.23,0.0
3.23,3.24,0.0
3.24,3.25,0.0
3.25,3.26,0.0
3.26,3.27,0.0
3.27,3.28,0.0
3.28,3.29,0.0
3.29,3.3,0.0
3.3,3.31,0.0
3.31,3.32,0.0
3.32,3.33,200.0
3.33,3.34,192.07458901020084
3.34,3.35,187.68759933422865
3.35,3.36,185.5318233882619
3.36,3.37,182.34449771164336
3.37,3.38,174.11011265922482
3.38,3.39,170.13343219017113
3.39,3.4,169.1535357262897
3.4,3.41,169.1535357262897
3.41,3.42,168.1792830507429
3.42,3.43,168.1792830507429
3.43,3.44,167.2106416577019
3.44,3.45,166.24757922855756
3.45,3.46,166.24757922855756
3.46,3.47,172.11028744886602
3.47,3.48,173.1073122012286
3.48,3.49,173.1073122012286
3.49,3.5,172.11028744886602
3.5,3.51,170.13343219017113
3.51,3.52,166.24757922855756
3.52,3.53,165.29006363084235
3.53,3.54,164.33806291715806
3.54,3.55,163.39154532410998
3.55,3.56,163.39154532410998
3.56,3.57,162.4504792712471
3.57,3.58,161.5148333600084
3.58,3.59,161.5148333600084
3.59,3.6,160.5845763726753
3.6,3.61,160.5845763726753
3.61,3.62,159.65967727133
3.62,3.63,159.65967727133
3.63,3.64,159.65967727133
3.64,3.65,159.65967727133
3.65,3.66,160.5845763726753
3.66,3.67,160.5845763726753
3.67,3.68,162.4504792712471
3.68,3.69,166.24757922855756
3.69,3.7,166.24757922855756
3.7,3.71,165.29006363084235
3.71,3.72,165.29006363084235
3.72,3.73,164.33806291715806
3.73,3.74,163.39154532410998
3.74,3.75,162.4504792712471
3.75,3.76,162.4504792712471
3.76,3.77,161.5148333600084
3.77,3.78,162.4504792712471
3.78,3.79,162.4504792712471
3.79,3.8,163.39154532410998
3.8,3.81,164.33806291715806
3.81,3.82,164.33806291715806
3.82,3.83,165.29006363084235
3.83,3.84,165.29006363084235
3.84,3.85,164.33806291715806
3.85,3.86,164.33806291715806
3.86,3.87,163.39154532410998
3.87,3.88,163.39154532410998
3.88,3.89,162.4504792712471
3.89,3.9,162.4504792712471
3.9,3.91,161.5148333600084
3.91,3.92,161.5148333600084
3.92,3.93,160.5845763726753
3.93,3.94,159.65967727133
3.94,3.95,158.74010519681997
3.95,3.96,157.8258294677283
3.96,3.97,157.8258294677283
3.97,3.98,157.8258294677283
3.98,3.99,157.8258294677283
3.99,4.0,157.8258294677283
4.0,4.01,157.8258294677283
4.01,4.02,156.91681957935012
4.02,4.03,150.69866814745757
4.03,4.04,144.7269237440378
4.04,4.05,156.91681957935012
4.05,4.06,0.0
4.06,4.07,0.0
4.07,4.08,0.0
4.08,4.09,0.0
4.09,4.1,0.0
4.1,4.11,0.0
4.11,4.12,0.0
4.12,4.13,0.0
4.13,4.14,173.1073122012286
4.14,4.15,174.11011265922482
4.15,4.16,173.1073122012286
4.16,4.17,174.11011265922482
4.17,4.18,174.11011265922482
4.18,4.19,163.39154532410998
4.19,4.2,164.33806291715806
4.2,4.21,162.4504792712471
4.21,4.22,150.69866814745757
4.22,4.23,0.0
4.23,4.24,0.0
4.24,4.25,150.69866814745757
4.25,4.26,155.11447618337345
4.26,4.27,155.11447618337345
4.27,4.28,155.11447618337345
4.28,4.29,154.22108254079407
4.29,4.3,153.33283446696007
4.3,4.31,153.33283446696007
4.31,4.32,153.33283446696007
4.32,4.33,153.33283446696007
4.33,4.34,153.33283446696007
4.34,4.35,153.33283446696007
4.35,4.36,153.33283446696007
4.36,4.37,154.22108254079407
4.37,4.38,155.11447618337345
4.38,4.39,156.0130452026747
4.39,4.4,156.91681957935012
4.4,4.41,157.8258294677283
4.41,4.42,158.74010519681997
4.42,4.43,159.65967727133
4.43,4.44,159.65967727133
4.44,4.45,160.5845763726753
4.45,4.46,159.65967727133
4.46,4.47,157.8258294677283
4.47,4.48,160.5845763726753
4.48,4.49,165.29006363084235
4.49,4.5,166.24757922855756
4.5,4.51,165.29006363084235
4.51,4.52,163.39154532410998
4.52,4.53,161.5148333600084
4.53,4.54,159.65967727133
4.54,4.55,156.91681957935012
4.55,4.56,155.11447618337345
4.56,4.57,150.69866814745757
4.57,4.58,150.69866814745757
4.58,4.59,151.57165665103983
4.59,4.6,152.4497023255762
4.6,4.61,154.22108254079407
4.61,4.62,156.0130452026747
4.62,4.63,159.65967727133
4.63,4.64,161.5148333600084
4.64,4.65,157.8258294677283
4.65,4.66,157.8258294677283
4.66,4.67,158.74010519681997
4.67,4.68,156.91681957935012
4.68,4.69,156.0130452026747
4.69,4.7,156.0130452026747
4.7,4.71,0.0
4.71,4.72,0.0
4.72,4.73,183.40080864093423
4.73,4.74,182.34449771164336
4.74,4.75,181.29427068562208
4.75,4.76,180.25009252216606
4.76,4.77,179.21192838239048
4.77,4.78,178.17974362806785
4.78,4.79,168.1792830507429
4.79,4.8,161.5148333600084
4.8,4.81,156.91681957935012
4.81,4.82,150.69866814745757
4.82,4.83,150.69866814745757
4.83,4.84,154.22108254079407
4.84,4.85,155.11447618337345
4.85,4.86,156.91681957935012
4.86,4.87,156.91681957935012
4.87,4.88,156.0130452026747
4.88,4.89,156.0130452026747
4.89,4.9,155.11447618337345
4.9,4.91,154.22108254079407
4.91,4.92,153.33283446696007
4.92,4.93,152.4497023255762
4.93,4.94,152.4497023255762
4.94,4.95,152.4497023255762
4.95,4.96,152.4497023255762
4.96,4.97,153.33283446696007
4.97,4.98,153.33283446696007
4.98,4.99,154.22108254079407
4.99,5.0,155.11447618337345
5.0,5.01,156.91681957935012
5.01,5.02,159.65967727133
5.02,5.03,162.4504792712471
5.03,5.04,164.33806291715806
5.04,5.05,164.33806291715806
5.05,5.06,164.33806291715806
5.06,5.07,162.4504792712471
5.07,5.08,161.5148333600084
5.08,5.09,158.74010519681997
5.09,5.1,156.0130452026747
5.1,5.11,153.33283446696007
5.11,5.12,155.11447618337345
5.12,5.13,156.0130452026747
5.13,5.14,156.0130452026747
5.14,5.15,156.0130452026747
5.15,5.16,155.11447618337345
5.16,5.17,155.11447618337345
5.17,5.18,154.22108254079407
5.18,5.19,153.33283446696007
5.19,5.2,151.57165665103983
5.2,5.21,149.83070768766817
5.21,5.22,148.96774631227024
5.22,5.23,148.96774631227024
5.23,5.24,148.96774631227024
5.24,5.25,150.69866814745757
5.25,5.26,153.33283446696007
5.26,5.27,155.11447618337345
5.27,5.28,155.11447618337345
5.28,5.29,155.11447618337345
5.29,5.3,151.57165665103983
5.3,5.31,153.33283446696007
5.31,5.32,151.57165665103983
5.32,5.33,151.57165665103983
5.33,5.34,150.69866814745757
5.34,5.35,151.57165665103983
5.35,5.36,0.0
5.36,5.37,0.0
5.37,5.38,0.0
5.38,5.39,0.0
5.39,5.4,156.91681957935012
5.4,5.41,155.11447618337345
5.41,5.42,150.69866814745757
5.42,5.43,149.83070768766817
5.43,5.44,149.83070768766817
5.44,5.45,148.96774631227024
5.45,5.46,155.11447618337345
5.46,5.47,0.0
5.47,5.48,0.0
5.48,5.49,0.0
5.49,5.5,0.0
5.5,5.51,0.0
5.51,5.52,0.0
5.52,5.53,0.0
5.53,5.54,0.0
5.54,5.55,0.0
5.55,5.56,0.0
5.56,5.57,0.0
